  721.38   960.91   809.96   906.85   905.07   906.68   931.81   779.51   974.60   916.88 
  629.46   815.90   753.78   815.85   979.60   864.30   754.79   667.22   675.25   983.33 
  627.66   837.74   796.08   725.23   748.05   742.97   762.60   814.05   818.53   762.83 
  933.45   939.91   733.74   753.41   856.76   648.82   670.09   798.57   828.33   654.69 
  725.45   857.79   870.59   879.22   683.64   860.19   753.52   838.43   927.41   828.77 
  831.76   955.07   676.51   637.84   690.30   824.56   780.80   852.90   648.61   609.33 
  625.74   982.06   949.24   759.48   745.47   816.00   808.29   815.56   624.56   646.62 
  870.25   750.01   904.41   750.84   639.23   988.05   621.03   792.75   836.48   948.44 
  631.53   678.24   913.51   708.03   716.08   613.81   932.59   896.88   866.71   981.21 
  906.22   892.45   973.27   865.46   661.93   728.74   691.45   870.22   944.30   716.02 
  916.85   824.55   866.03   831.26   975.38   905.26   829.31   606.41   708.01   675.79 
  954.85   739.54   754.03   878.36   847.57   870.11   892.18   790.16   776.99   768.89 
  781.37   693.21   671.34   764.64   958.67   733.27   893.38   660.12   613.49   847.69 
  776.14   930.33   682.23   652.17   771.59   667.62   957.43   610.90   674.03   675.44 
  686.70   638.88   814.98   840.73   917.24   672.55   720.84   819.42   862.71   897.83 
  988.31   654.08   601.04   669.65   818.73   959.71   802.92   722.11   629.83   816.41 
  969.80   805.97   756.74   662.03   858.14   928.34   729.65   825.57   939.24   803.67 
  901.00   635.94   842.55   725.98   876.67   769.79   798.53   607.51   989.21   671.24 
  905.34   987.52   725.32   906.38   667.17   944.05   876.09   870.09   676.16   905.93 
  696.50   655.96   721.90   853.24   717.99   980.04   791.58   847.63   815.61   740.82 
  661.31   726.61   776.76   903.86   852.59   663.43   683.65   661.12   670.93   682.87 
  732.36   976.27   680.39   857.68   892.65   747.56   811.73   778.74   627.66   887.89 
  694.67   724.16   943.84   816.57   977.40   671.83   806.62   778.98   919.46   632.23 
  919.80   980.77   758.84   706.56   894.63   621.43   769.99   978.28   682.55   840.92 
  671.15   814.91   827.19   751.54   682.59   729.84   899.10   894.32   908.58   926.76 
  792.20   613.25   660.92   746.05   829.82   648.32   817.87   646.44   827.30   747.33 
  678.67   757.10   738.10   837.50   863.67   642.73   858.94   643.66   631.02   941.49 
  884.57   702.17   766.40   721.76   853.71   849.00   851.60   762.81   753.31   770.18 
  699.57   945.52   783.43   760.49   701.56   623.25   808.80   919.43   669.69   646.10 
  676.77   748.36   803.21   814.87   985.86   676.87   857.60   854.80   720.53   888.62 
  806.29   615.10   600.79   972.70   736.86   854.50   831.69   988.46   627.31   985.00 
  768.64   726.88   940.52   952.07   887.37   652.08   975.32   706.18   971.52   655.02 
  752.28   658.29   803.38   955.49   873.16   799.24   642.36   740.76   664.04   762.89 
  639.38   870.34   777.99   640.17   853.03   914.85   894.67   694.72   913.31   921.98 
  689.73   691.95   658.86   640.25   654.02   946.24   692.33   639.35   662.41   673.85 
  694.37   814.69   732.14   897.74   780.17   615.29   706.99   822.53   756.06   771.03 
  985.42   795.44   651.36   773.41   835.61   904.40   698.26   740.28   609.12   621.57 
  672.26   698.85   713.52   731.13   739.10   767.55   687.36   831.44   806.90   749.77 
  905.29   901.26   964.46   647.42   809.01   754.64   662.71   915.99   977.17   818.77 
  697.02   972.59   624.21   748.39   756.00   859.82   662.78   854.26   610.10   671.91 
  875.83   682.37   770.76   989.35   813.50   909.86   766.90   900.86   751.30   973.80 
  660.63   666.58   885.06   635.10   714.00   704.07   789.73   776.72   630.06   776.91 
  605.49   727.08   759.50   629.70   875.47   915.49   889.52   938.26   779.75   899.62 
  620.16   665.58   981.99   790.92   664.93   805.48   710.78   831.83   716.34   862.08 
  815.63   776.98   928.66   710.69   812.07   652.67   814.76   611.81   829.39   844.82 
  788.71   834.87   971.90   948.21   864.57   857.37   873.70   764.09   805.63   663.45 
  673.71   825.79   729.03   665.69   626.71   793.96   871.18   737.50   635.79   987.52 
  609.58   851.42   774.49   938.24   962.11   986.57   600.91   786.86   608.37   830.30 
  641.68   797.09   675.17   623.59   755.29   939.75   880.96   639.00   713.83   696.59 
  702.45   787.54   922.38   831.48   853.23   949.10   635.43   734.41   696.60   671.22 
