  962.65   521.42   874.86   851.87   722.52   788.31   988.59   872.33   881.77   660.28 
  602.98   858.78   745.79   965.28   623.13   586.65   566.86   574.45   700.61   817.88 
  928.25   730.68   948.72   915.33   542.60   971.04   983.04   836.04   809.83   714.70 
  732.74   772.49   736.11   607.60   624.36   958.64   895.91   612.95   830.97   777.68 
  773.23   933.95   636.46   519.02   899.23   759.59   605.67   966.09   834.04   806.29 
  783.97   762.30   536.96   732.69   677.63   579.56   703.73   660.67   915.60   513.57 
  875.37   648.34   786.06   611.48   755.93   910.41   570.11   651.84   523.36   901.08 
  929.52   796.60   835.03   565.98   815.62   734.27   825.58   921.29   700.36   659.62 
  727.58   984.33   921.92   764.55   717.02   599.54   844.11   920.76   760.21   759.71 
  934.32   635.57   908.04   720.38   747.05   663.98   630.79   817.17   815.81   654.16 
  718.25   745.34   950.76   553.28   811.32   766.38   787.55   636.89   687.67   987.91 
  796.51   915.25   972.24   718.43   679.80   689.26   817.97   523.91   610.01   578.18 
  783.62   544.34   713.75   691.66   764.71   960.81   855.63   895.51   777.97   671.45 
  549.66   996.22   916.78   500.42   549.50   728.10   766.80   837.05   865.00   954.47 
  824.96   661.51   869.73   797.19   879.94   549.53   986.45   697.91   573.44   596.46 
  776.09   857.05   640.80   989.84   548.71   905.51   950.65   904.34   801.02   728.62 
  575.79   850.68   724.84   992.57   851.10   774.35   720.68   617.90   611.40   585.67 
  572.37   936.35   747.18   942.10   733.54   627.12   991.63   719.99   825.03   565.06 
  816.45   601.12   922.12   957.25   590.97   970.83   862.76   541.62   875.17   663.77 
  770.24   950.96   514.46   995.08   943.54   865.56   769.43   664.21   983.46   880.83 
  749.89   555.84   817.18   997.07   997.94   550.72   624.19   989.56   770.71   949.23 
  554.63   587.16   550.35   976.74   544.41   641.32   947.57   907.17   682.93   822.74 
  570.94   953.17   773.70   585.40   948.26   717.24   950.96   717.69   881.45   934.42 
  598.51   631.34   990.25   915.69   628.41   988.19   966.41   752.60   977.75   737.13 
  701.83   532.38   824.29   752.18   509.12   868.70   893.50   956.70   775.87   576.43 
  779.44   846.81   529.60   553.14   932.21   977.86   770.38   883.16   695.55   651.83 
  817.58   794.06   783.17   807.83   709.75   911.58   796.02   676.16   664.19   773.78 
  913.29   866.02   806.16   737.59   618.20   815.28   606.29   511.70   771.98   882.16 
  588.13   551.42   728.97   617.73   604.56   661.18   595.59   874.94   544.34   791.14 
  526.77   861.92   585.19   809.95   669.76   794.94   721.53   965.78   971.11   885.71 
  739.56   884.40   751.73   545.71   621.99   869.93   860.99   728.28   881.62   632.97 
  610.44   969.75   684.39   839.41   587.48   788.94   500.59   683.07   663.88   544.93 
  974.21   690.66   906.86   559.40   500.60   576.61   854.34   722.13   542.40   825.45 
  607.84   781.95   709.85   859.57   827.67   831.84   729.50   688.66   560.12   611.12 
  821.63   670.55   580.87   506.02   509.96   668.35   794.96   510.55   851.43   958.84 
  555.48   825.63   649.50   962.34   885.03   650.10   538.95   739.38   872.23   581.35 
  564.83   980.07   863.30   774.68   839.65   690.97   606.52   569.15   879.63   666.64 
  680.27   701.26   837.20   761.15   707.27   847.16   929.50   502.23   857.71   780.93 
  961.07   913.20   606.56   610.57   875.54   991.59   760.67   914.49   730.97   632.90 
  995.84   795.79   612.97   859.15   570.48   952.61   550.12   677.00   521.76   929.74 
  843.64   702.04   631.00   680.84   963.18   838.28   528.00   892.69   840.51   885.71 
  673.61   801.59   798.91   780.17   912.15   674.45   771.76   672.82   588.95   502.73 
  805.72   584.79   798.52   918.68   943.93   869.00   871.30   994.05   546.00   893.06 
  923.79   889.65   595.10   554.80   570.49   558.28   893.08   598.49   950.97   733.59 
  984.20   624.58   535.17   783.12   904.76   947.33   957.57   676.52   620.15   546.51 
  679.25   925.87   631.30   977.77   844.55   575.24   846.77   715.85   569.29   892.77 
  608.91   993.08   782.42   704.01   547.88   852.91   762.30   940.95   951.40   713.27 
  674.54   935.60   837.85   709.71   718.72   742.61   657.04   676.28   919.13   777.19 
  722.80   598.38   703.06   854.10   576.15   547.61   929.34   922.92   763.46   998.62 
  815.69   872.37   991.70   598.11   576.39   539.58   951.02   838.68   980.53   902.42 
  551.95   655.08   838.02   889.80   864.79   556.73   632.41   521.83   733.02   551.54 
  799.02   955.81   649.92   502.08   809.91   726.06   549.69   739.25   648.98   813.15 
  737.87   964.67   685.52   729.58   562.79   761.91   769.16   513.81   600.59   749.69 
  916.23   652.54   904.77   754.25   542.35   769.56   810.98   674.76   791.39   544.00 
  726.30   590.41   999.81   876.22   592.49   809.72   602.28   642.18   548.97   751.26 
  955.32   786.84   715.93   640.85   516.42   778.72   902.75   785.58   792.53   503.34 
  535.27   708.76   655.89   940.04   963.01   698.23   709.59   773.99   872.99   500.98 
  817.99   599.30   591.39   817.80   975.51   683.88   627.52   577.79   826.05   676.49 
  829.05   781.38   963.34   544.99   922.22   979.76   823.71   824.97   765.34   616.24 
  828.32   800.61   825.00   984.21   740.64   788.01   682.44   950.24   562.00   555.44 
  951.22   879.99   654.73   542.61   697.79   630.24   726.48   825.31   708.04   552.54 
  501.80   537.09   833.91   965.14   582.07   756.13   944.90   905.78   581.11   710.23 
  522.02   909.43   510.84   847.02   893.63   751.48   635.04   576.07   701.72   697.04 
  631.51   652.94   577.03   786.24   695.55   774.81   916.48   922.03   600.12   624.52 
  974.57   601.92   661.61   808.48   567.06   743.68   564.62   511.95   649.46   645.72 
  722.19   671.48   555.15   733.03   518.50   948.78   984.51   653.54   524.85   686.24 
  850.57   656.36   839.18   927.60   942.60   534.73   702.42   859.08   956.76   802.54 
  983.60   931.33   904.46   645.20   739.81   971.52   888.88   804.43   983.47   538.34 
  950.15   705.66   709.82   505.30   938.69   728.32   954.08   923.20   881.85   978.93 
  609.44   732.43   635.29   948.61   660.03   577.89   983.34   862.45   936.97   940.10 
  664.98   920.56   871.44   569.44   565.76   611.25   540.96   954.64   915.68   524.43 
  992.98   865.83   730.09   702.80   871.13   668.77   931.12   825.21   591.97   812.97 
  804.14   701.41   545.40   939.43   650.02   705.43   517.32   633.36   567.88   954.29 
  573.47   732.86   874.85   944.90   802.30   940.62   556.15   843.26   895.26   971.83 
  867.69   888.24   837.66   597.77   591.04   708.79   766.54   522.16   534.00   858.52 
  835.13   838.14   559.92   880.53   777.58   709.95   585.96   794.90   843.31   653.84 
  749.19   916.78   886.70   624.04   861.68   689.00   564.66   917.84   532.26   959.92 
  889.67   899.95   848.16   727.33   997.72   939.21   936.13   764.26   961.37   970.13 
  622.78   796.50   808.27   682.70   677.03   585.85   892.65   762.99   880.75   735.96 
  916.83   629.94   652.74   803.53   753.98   514.42   992.53   818.64   932.26   524.80 
  778.56   821.93   924.74   626.72   549.26   922.46   565.93   985.39   686.73   527.29 
  955.51   809.50   823.79   763.78   992.21   500.82   849.63   884.86   763.81   730.38 
  620.81   680.64   860.32   773.55   984.17   614.30   787.97   976.70   932.94   720.23 
  501.49   711.50   542.15   926.24   838.22   591.41   848.70   904.15   576.80   535.42 
  931.44   532.31   844.93   755.23   796.10   837.14   756.05   645.73   721.99   519.86 
  876.11   842.81   700.49   736.43   616.36   684.66   850.73   904.33   661.36   783.67 
  624.55   662.86   995.17   666.70   589.09   833.39   758.12   937.79   737.54   834.92 
  973.22   668.98   867.23   818.15   924.22   663.32   655.28   680.27   809.05   877.27 
  700.13   685.16   720.08   900.62   921.60   836.43   585.28   772.33   740.76   746.64 
  556.00   865.31   909.50   551.17   532.02   998.59   884.56   790.13   936.38   622.10 
  625.05   909.60   791.08   992.28   727.74   715.30   655.60   883.02   895.57   964.65 
  760.30   595.69   649.81   980.37   996.32   571.41   816.81   581.60   843.74   557.57 
  828.24   899.74   922.88   737.74   950.90   954.90   736.33   835.46   745.03   672.71 
  957.56   870.08   582.31   748.64   862.35   810.05   963.94   517.95   693.07   859.51 
  982.60   953.37   955.20   632.41   933.74   951.52   703.82   750.55   533.11   547.56 
  808.12   861.36   947.29   731.00   599.09   898.20   685.90   835.42   733.66   930.92 
  508.13   691.22   801.00   590.43   939.86   663.35   900.48   903.80   681.30   593.56 
  763.30   663.90   546.93   718.50   796.31   980.67   670.02   500.13   731.22   703.14 
  547.69   539.35   564.49   994.98   770.35   663.58   893.18   956.25   999.00   626.84 
  887.17   507.13   818.06   688.17   597.56   757.92   851.52   998.05   661.72   532.83 
