  911.21   940.70   995.68   595.93   317.97   842.10   547.53   611.73   918.46   695.12 
  658.93   914.11   211.47   428.65   342.87   408.36   845.14   546.89   596.02   665.28 
  838.89   316.55   573.65   510.82   756.01   878.33   347.89   414.88   460.23   768.61 
  712.29   371.44   709.31   707.98   767.36   827.29   550.08   314.89   439.01   468.53 
  810.01   897.95   382.65   821.48   326.60   525.52   229.84   971.73   872.41   625.85 
  637.02   711.31   742.40   210.67   222.12   498.41   889.00   370.01   713.29   349.22 
  938.62   425.58   520.66   647.93   933.56   288.02   475.22   483.64   402.91   714.23 
  752.17   212.93   612.18   934.82   834.41   738.77   460.34   864.24   710.51   332.75 
  490.10   347.53   844.06   232.50   358.20   866.19   530.91   247.19   236.20   244.20 
  396.42   974.82   469.79   717.08   622.75   403.34   805.10   897.97   686.98   208.02 
