  793.88   864.18   750.25   878.08   976.19   927.29   989.15   778.33   780.99   739.29 
  947.37   964.35   761.28   841.15   834.35   988.42   843.36   875.10   723.57   944.34 
  974.82   743.89   904.02   816.86   705.52   970.62   780.27   703.95   789.19   919.85 
  772.96   883.07   794.03   823.21   771.15   780.22   760.50   770.30   858.54   841.49 
  809.59   815.92   815.84   870.87   957.07   950.18   869.29   810.43   835.28   892.86 
  764.77   820.10   936.75   968.78   936.96   942.27   949.41   727.23   946.22   748.60 
  947.08   729.18   931.67   751.11   852.39   712.82   831.33   912.89   783.13   989.87 
  764.38   892.72   815.79   880.22   773.59   782.86   840.40   942.88   893.29   975.68 
  845.75   958.05   805.78   792.50   936.84   752.74   744.77   896.24   779.97   700.99 
  944.84   737.04   730.18   886.51   788.15   882.57   899.33   919.48   805.46   982.46 
  919.35   869.84   885.18   745.14   760.06   958.77   827.99   900.46   911.66   731.28 
  886.14   767.40   989.33   701.92   859.90   936.17   754.65   904.67   842.41   834.62 
  905.67   797.26   871.66   935.85   983.77   959.81   828.42   893.10   889.29   933.88 
  885.56   818.64   813.72   780.74   863.78   873.77   749.52   701.78   784.23   961.17 
  733.06   970.37   738.58   732.39   972.28   898.48   968.56   736.94   813.15   820.97 
  871.55   728.82   918.23   753.21   964.67   911.99   723.03   803.08   815.10   912.32 
  746.96   710.66   740.96   860.67   791.40   904.74   744.44   840.91   906.52   828.67 
  812.09   939.58   809.04   850.67   971.97   791.32   759.15   950.53   828.26   872.30 
  781.50   709.81   901.12   709.73   763.02   875.79   921.72   786.05   978.87   746.82 
  708.37   735.82   757.48   749.33   896.50   848.88   954.08   940.94   989.79   870.60 
  779.61   811.88   820.18   888.65   962.54   802.15   979.97   731.69   762.68   818.23 
  903.99   844.18   828.04   815.12   853.91   891.07   700.90   785.64   977.12   979.77 
  832.46   985.49   725.60   889.93   744.82   922.09   748.81   708.90   873.03   748.60 
  879.49   952.64   860.48   709.67   851.29   833.02   811.82   841.27   864.71   874.50 
  959.50   778.71   728.68   797.54   893.82   882.59   988.61   894.73   968.23   975.73 
  884.50   810.69   971.21   910.10   710.62   726.03   842.19   759.43   734.93   725.22 
  808.03   914.42   977.86   968.50   924.09   839.15   811.52   745.91   980.42   976.24 
  920.41   949.92   764.94   949.09   757.46   958.77   841.68   756.07   863.50   819.91 
  741.79   758.00   930.59   723.00   968.09   941.21   749.03   820.28   710.64   783.96 
  845.49   818.67   708.38   833.35   797.17   932.47   972.50   908.70   978.38   962.92 
  894.93   908.79   922.84   959.87   867.88   980.29   928.64   719.56   746.36   802.14 
  839.47   788.15   860.13   780.07   811.15   838.22   731.28   860.19   958.50   741.92 
  944.15   814.00   860.59   952.53   947.35   957.77   895.00   929.85   876.46   883.38 
  902.77   781.39   802.18   835.61   751.27   970.06   825.91   979.91   989.63   872.27 
  792.05   839.10   960.42   952.18   919.17   781.57   800.41   950.45   941.76   768.91 
  702.37   895.91   882.90   862.96   858.43   840.25   830.73   763.44   780.10   717.19 
  946.82   982.88   798.58   759.00   828.49   849.85   739.06   954.39   839.76   738.68 
  836.66   931.81   877.78   807.07   893.99   806.95   888.64   704.39   767.40   840.40 
  773.30   769.77   746.31   956.20   932.73   904.75   806.45   773.46   968.18   886.56 
  790.65   925.00   879.43   889.23   984.00   717.92   749.08   733.06   972.31   888.84 
  771.74   818.97   830.64   949.53   926.04   734.63   766.47   824.68   739.02   833.87 
  965.09   812.32   903.63   721.40   778.53   846.36   926.14   884.98   919.82   904.32 
  781.53   720.47   839.33   960.96   909.70   833.32   978.88   958.78   866.38   961.19 
  857.61   938.12   790.16   988.26   897.65   726.20   732.89   964.12   850.88   771.91 
  807.99   825.97   884.24   721.63   847.37   962.76   867.99   783.51   857.74   797.81 
  987.84   939.27   818.28   837.16   910.24   737.98   970.48   899.12   706.75   846.87 
  870.31   864.36   794.99   960.47   862.62   702.64   986.66   895.51   966.77   847.54 
  967.43   784.76   973.51   861.66   806.39   830.88   834.43   974.38   914.39   702.17 
  782.19   912.22   941.44   900.47   759.38   861.68   938.45   739.87   770.80   945.20 
  886.74   941.12   819.56   981.73   911.58   982.19   984.37   908.25   887.70   961.14 
  765.79   865.13   755.90   749.30   736.79   862.29   880.18   871.22   846.67   804.57 
  873.39   928.86   726.79   824.83   839.33   786.17   986.52   787.78   826.04   767.32 
  742.98   722.78   718.44   862.54   714.51   930.02   854.73   708.88   848.27   752.43 
  970.01   914.06   917.56   735.91   963.36   954.35   898.19   853.54   835.57   754.86 
  958.10   718.96   983.72   984.89   843.79   833.05   781.07   840.31   920.83   907.11 
  907.63   963.81   929.89   926.07   836.35   944.40   866.09   701.08   953.27   724.35 
  753.51   933.29   938.41   971.07   969.19   911.77   935.42   877.39   775.31   781.00 
  932.25   743.41   799.96   925.97   738.30   943.75   769.02   819.37   794.06   989.85 
  736.49   711.69   963.66   966.38   937.76   810.01   920.77   813.84   811.09   884.05 
  838.20   864.61   827.33   786.61   845.68   806.53   708.37   791.10   983.91   783.68 
  872.10   926.16   827.09   972.06   862.13   865.39   925.81   931.15   984.76   729.88 
  931.00   731.25   741.57   904.66   707.63   979.33   724.67   928.40   803.17   835.76 
  822.45   941.36   710.37   949.78   737.97   856.04   766.31   746.34   947.15   760.22 
  830.02   829.25   986.39   957.11   811.31   858.52   832.50   747.12   799.66   827.27 
  777.00   740.66   858.52   818.57   945.32   866.14   807.90   969.98   804.54   911.07 
  815.74   926.99   862.43   826.11   886.78   900.40   982.15   953.09   946.74   939.30 
  723.31   786.76   778.55   719.70   753.87   889.86   878.21   886.38   936.98   977.88 
  723.64   723.98   728.54   882.16   842.56   973.85   758.30   950.45   953.84   862.85 
  871.52   779.58   799.84   743.95   905.69   986.62   944.35   897.84   949.70   901.09 
  847.14   973.01   987.85   925.69   702.71   751.73   825.55   880.92   938.10   772.53 
  868.80   961.74   796.52   897.33   853.90   939.07   881.19   912.20   899.52   845.02 
  785.05   781.04   924.60   884.89   824.99   840.29   881.50   779.34   748.13   841.20 
  980.43   895.27   824.22   978.28   830.96   826.93   740.01   956.50   717.85   978.11 
  739.04   886.65   949.85   835.55   793.99   813.75   784.62   975.17   735.95   984.15 
  830.20   821.00   775.19   764.80   715.89   900.18   905.08   897.39   979.52   953.21 
